SWIDTH	SLENGTH	h1#03
0	0	2.10144e-05
0.421053	0	8.98312e-05
0.842105	0	0.000316993
1.26316	0	0.000923387
1.68421	0	0.00222039
2.10526	0	0.00440743
2.52632	0	0.00722194
2.94737	0	0.00976863
3.36842	0	0.0109075
3.78947	0	0.0100537
4.21053	0	0.00764963
4.63158	0	0.00480469
5.05263	0	0.00249116
5.47368	0	0.00106623
5.89474	0	0.000376712
6.31579	0	0.00010987
6.73684	0	2.64522e-05
7.15789	0	5.25722e-06
7.57895	0	8.62504e-07
8	0	1.16809e-07
0	0.526316	4.9382e-05
0.421053	0.526316	0.000211096
0.842105	0.526316	0.000744907
1.26316	0.526316	0.00216988
1.68421	0.526316	0.00521773
2.10526	0.526316	0.0103571
2.52632	0.526316	0.0169709
2.94737	0.526316	0.0229554
3.36842	0.526316	0.0256317
3.78947	0.526316	0.0236254
4.21053	0.526316	0.017976
4.63158	0.526316	0.0112906
5.05263	0.526316	0.00585402
5.47368	0.526316	0.00250555
5.89474	0.526316	0.000885241
6.31579	0.526316	0.000258186
6.73684	0.526316	6.21605e-05
7.15789	0.526316	1.2354e-05
7.57895	0.526316	2.02681e-06
8	0.526316	2.74492e-07
0	1.05263	0.000104614
0.421053	1.05263	0.000447199
0.842105	1.05263	0.00157806
1.26316	1.05263	0.00459682
1.68421	1.05263	0.0110536
2.10526	1.05263	0.0219412
2.52632	1.05263	0.0359524
2.94737	1.05263	0.0486303
3.36842	1.05263	0.0542998
3.78947	1.05263	0.0500496
4.21053	1.05263	0.0380815
4.63158	1.05263	0.0239188
5.05263	1.05263	0.0124015
5.47368	1.05263	0.00530791
5.89474	1.05263	0.00187535
6.31579	1.05263	0.000546958
6.73684	1.05263	0.000131685
7.15789	1.05263	2.61716e-05
7.57895	1.05263	4.29373e-06
8	1.05263	5.81502e-07
0	1.57895	0.000199793
0.421053	1.57895	0.000854067
0.842105	1.57895	0.0030138
1.26316	1.57895	0.00877907
1.68421	1.57895	0.0211103
2.10526	1.57895	0.0419035
2.52632	1.57895	0.0686623
2.94737	1.57895	0.0928749
3.36842	1.57895	0.103702
3.78947	1.57895	0.0955854
4.21053	1.57895	0.0727286
4.63158	1.57895	0.0456804
5.05263	1.57895	0.0236846
5.47368	1.57895	0.0101371
5.89474	1.57895	0.00358158
6.31579	1.57895	0.00104459
6.73684	1.57895	0.000251494
7.15789	1.57895	4.99828e-05
7.57895	1.57895	8.20022e-06
8	1.57895	1.11056e-06
0	2.10526	0.000343986
0.421053	2.10526	0.00147046
0.842105	2.10526	0.00518889
1.26316	2.10526	0.015115
1.68421	2.10526	0.0363458
2.10526	2.10526	0.0721458
2.52632	2.10526	0.118217
2.94737	2.10526	0.159904
3.36842	2.10526	0.178546
3.78947	2.10526	0.16457
4.21053	2.10526	0.125218
4.63158	2.10526	0.0786485
5.05263	2.10526	0.0407781
5.47368	2.10526	0.0174532
5.89474	2.10526	0.00616644
6.31579	2.10526	0.00179848
6.73684	2.10526	0.000433
7.15789	2.10526	8.6056e-05
7.57895	2.10526	1.41184e-05
8	2.10526	1.91206e-06
0	2.63158	0.000533913
0.421053	2.63158	0.00228235
0.842105	2.63158	0.00805387
1.26316	2.63158	0.0234606
1.68421	2.63158	0.0564136
2.10526	2.63158	0.11198
2.52632	2.63158	0.183488
2.94737	2.63158	0.248192
3.36842	2.63158	0.277127
3.78947	2.63158	0.255436
4.21053	2.63158	0.194355
4.63158	2.63158	0.122073
5.05263	2.63158	0.0632932
5.47368	2.63158	0.0270897
5.89474	2.63158	0.00957115
6.31579	2.63158	0.00279148
6.73684	2.63158	0.000672074
7.15789	2.63158	0.000133571
7.57895	2.63158	2.19137e-05
8	2.63158	2.96778e-06
0	3.15789	0.000747085
0.421053	3.15789	0.0031936
0.842105	3.15789	0.0112695
1.26316	3.15789	0.0328275
1.68421	3.15789	0.0789374
2.10526	3.15789	0.156689
2.52632	3.15789	0.256748
2.94737	3.15789	0.347286
3.36842	3.15789	0.387774
3.78947	3.15789	0.357422
4.21053	3.15789	0.271953
4.63158	3.15789	0.170812
5.05263	3.15789	0.0885638
5.47368	3.15789	0.0379057
5.89474	3.15789	0.0133926
6.31579	3.15789	0.00390602
6.73684	3.15789	0.000940408
7.15789	3.15789	0.0001869
7.57895	3.15789	3.0663e-05
8	3.15789	4.15271e-06
0	3.68421	0.000942407
0.421053	3.68421	0.00402856
0.842105	3.68421	0.0142158
1.26316	3.68421	0.0414101
1.68421	3.68421	0.0995753
2.10526	3.68421	0.197655
2.52632	3.68421	0.323874
2.94737	3.68421	0.438083
3.36842	3.68421	0.489155
3.78947	3.68421	0.450868
4.21053	3.68421	0.343054
4.63158	3.68421	0.215471
5.05263	3.68421	0.111718
5.47368	3.68421	0.0478159
5.89474	3.68421	0.016894
6.31579	3.68421	0.00492723
6.73684	3.68421	0.00118627
7.15789	3.68421	0.000235765
7.57895	3.68421	3.86797e-05
8	3.68421	5.23841e-06
0	4.21053	0.00107171
0.421053	4.21053	0.00458129
0.842105	4.21053	0.0161663
1.26316	4.21053	0.0470917
1.68421	4.21053	0.113237
2.10526	4.21053	0.224774
2.52632	4.21053	0.368311
2.94737	4.21053	0.498189
3.36842	4.21053	0.556269
3.78947	4.21053	0.512728
4.21053	4.21053	0.390122
4.63158	4.21053	0.245034
5.05263	4.21053	0.127046
5.47368	4.21053	0.0543764
5.89474	4.21053	0.0192119
6.31579	4.21053	0.00560326
6.73684	4.21053	0.00134903
7.15789	4.21053	0.000268112
7.57895	4.21053	4.39867e-05
8	4.21053	5.95714e-06
0	4.73684	0.00109871
0.421053	4.73684	0.00469672
0.842105	4.73684	0.0165736
1.26316	4.73684	0.0482782
1.68421	4.73684	0.116091
2.10526	4.73684	0.230438
2.52632	4.73684	0.377591
2.94737	4.73684	0.510742
3.36842	4.73684	0.570285
3.78947	4.73684	0.525647
4.21053	4.73684	0.399952
4.63158	4.73684	0.251208
5.05263	4.73684	0.130248
5.47368	4.73684	0.0557465
5.89474	4.73684	0.019696
6.31579	4.73684	0.00574444
6.73684	4.73684	0.00138303
7.15789	4.73684	0.000274868
7.57895	4.73684	4.5095e-05
8	4.73684	6.10724e-06
0	5.26316	0.00101545
0.421053	5.26316	0.00434082
0.842105	5.26316	0.0153177
1.26316	5.26316	0.0446199
1.68421	5.26316	0.107294
2.10526	5.26316	0.212976
2.52632	5.26316	0.348978
2.94737	5.26316	0.472039
3.36842	5.26316	0.527071
3.78947	5.26316	0.485815
4.21053	5.26316	0.369645
4.63158	5.26316	0.232172
5.05263	5.26316	0.120378
5.47368	5.26316	0.0515222
5.89474	5.26316	0.0182035
6.31579	5.26316	0.00530915
6.73684	5.26316	0.00127822
7.15789	5.26316	0.000254039
7.57895	5.26316	4.16779e-05
8	5.26316	5.64445e-06
0	5.78947	0.000846071
0.421053	5.78947	0.00361674
0.842105	5.78947	0.0127626
1.26316	5.78947	0.037177
1.68421	5.78947	0.0893963
2.10526	5.78947	0.17745
2.52632	5.78947	0.290767
2.94737	5.78947	0.3933
3.36842	5.78947	0.439152
3.78947	5.78947	0.404779
4.21053	5.78947	0.307986
4.63158	5.78947	0.193444
5.05263	5.78947	0.100298
5.47368	5.78947	0.042928
5.89474	5.78947	0.015167
6.31579	5.78947	0.00442355
6.73684	5.78947	0.00106501
7.15789	5.78947	0.000211664
7.57895	5.78947	3.47257e-05
8	5.78947	4.70292e-06
0	6.31579	0.00063551
0.421053	6.31579	0.00271665
0.842105	6.31579	0.00958641
1.26316	6.31579	0.0279248
1.68421	6.31579	0.0671483
2.10526	6.31579	0.133288
2.52632	6.31579	0.218404
2.94737	6.31579	0.29542
3.36842	6.31579	0.329861
3.78947	6.31579	0.304042
4.21053	6.31579	0.231338
4.63158	6.31579	0.145302
5.05263	6.31579	0.075337
5.47368	6.31579	0.0322446
5.89474	6.31579	0.0113924
6.31579	6.31579	0.00332266
6.73684	6.31579	0.000799961
7.15789	6.31579	0.000158987
7.57895	6.31579	2.60836e-05
8	6.31579	3.53251e-06
0	6.84211	0.000430336
0.421053	6.84211	0.00183958
0.842105	6.84211	0.00649144
1.26316	6.84211	0.0189093
1.68421	6.84211	0.0454695
2.10526	6.84211	0.0902562
2.52632	6.84211	0.147892
2.94737	6.84211	0.200044
3.36842	6.84211	0.223365
3.78947	6.84211	0.205882
4.21053	6.84211	0.15665
4.63158	6.84211	0.0983913
5.05263	6.84211	0.0510145
5.47368	6.84211	0.0218344
5.89474	6.84211	0.00771437
6.31579	6.84211	0.00224994
6.73684	6.84211	0.000541693
7.15789	6.84211	0.000107658
7.57895	6.84211	1.76625e-05
8	6.84211	2.39204e-06
0	7.36842	0.000262701
0.421053	7.36842	0.00112298
0.842105	7.36842	0.00396274
1.26316	7.36842	0.0115433
1.68421	7.36842	0.0277571
2.10526	7.36842	0.0550974
2.52632	7.36842	0.0902816
2.94737	7.36842	0.122118
3.36842	7.36842	0.136355
3.78947	7.36842	0.125682
4.21053	7.36842	0.0956282
4.63158	7.36842	0.0600636
5.05263	7.36842	0.0311421
5.47368	7.36842	0.0133289
5.89474	7.36842	0.00470929
6.31579	7.36842	0.00137349
6.73684	7.36842	0.00033068
7.15789	7.36842	6.57206e-05
7.57895	7.36842	1.07822e-05
8	7.36842	1.46023e-06
0	7.89474	0.000144572
0.421053	7.89474	0.000618011
0.842105	7.89474	0.00218082
1.26316	7.89474	0.00635262
1.68421	7.89474	0.0152756
2.10526	7.89474	0.0303218
2.52632	7.89474	0.0496848
2.94737	7.89474	0.0672052
3.36842	7.89474	0.0750401
3.78947	7.89474	0.0691665
4.21053	7.89474	0.0526271
4.63158	7.89474	0.0330548
5.05263	7.89474	0.0171384
5.47368	7.89474	0.00733533
5.89474	7.89474	0.00259166
6.31579	7.89474	0.000755874
6.73684	7.89474	0.000181983
7.15789	7.89474	3.61681e-05
7.57895	7.89474	5.93376e-06
8	7.89474	8.03612e-07
0	8.42105	7.17263e-05
0.421053	8.42105	0.000306612
0.842105	8.42105	0.00108196
1.26316	8.42105	0.00315171
1.68421	8.42105	0.00757864
2.10526	8.42105	0.0150435
2.52632	8.42105	0.02465
2.94737	8.42105	0.0333423
3.36842	8.42105	0.0372295
3.78947	8.42105	0.0343154
4.21053	8.42105	0.0261098
4.63158	8.42105	0.0163994
5.05263	8.42105	0.00850285
5.47368	8.42105	0.00363926
5.89474	8.42105	0.0012858
6.31579	8.42105	0.00037501
6.73684	8.42105	9.02869e-05
7.15789	8.42105	1.7944e-05
7.57895	8.42105	2.9439e-06
8	8.42105	3.98694e-07
0	8.94737	3.20805e-05
0.421053	8.94737	0.000137136
0.842105	8.94737	0.000483921
1.26316	8.94737	0.00140964
1.68421	8.94737	0.00338964
2.10526	8.94737	0.00672838
2.52632	8.94737	0.011025
2.94737	8.94737	0.0149128
3.36842	8.94737	0.0166513
3.78947	8.94737	0.015348
4.21053	8.94737	0.0116779
4.63158	8.94737	0.00733484
5.05263	8.94737	0.00380301
5.47368	8.94737	0.0016277
5.89474	8.94737	0.000575088
6.31579	8.94737	0.000167728
6.73684	8.94737	4.03819e-05
7.15789	8.94737	8.02566e-06
7.57895	8.94737	1.3167e-06
8	8.94737	1.78321e-07
0	9.47368	1.29352e-05
0.421053	9.47368	5.52948e-05
0.842105	9.47368	0.000195122
1.26316	9.47368	0.000568382
1.68421	9.47368	0.00136674
2.10526	9.47368	0.00271296
2.52632	9.47368	0.0044454
2.94737	9.47368	0.00601299
3.36842	9.47368	0.006714
3.78947	9.47368	0.00618847
4.21053	9.47368	0.00470866
4.63158	9.47368	0.00295748
5.05263	9.47368	0.00153341
5.47368	9.47368	0.000656307
5.89474	9.47368	0.000231882
6.31579	9.47368	6.76296e-05
6.73684	9.47368	1.62824e-05
7.15789	9.47368	3.23603e-06
7.57895	9.47368	5.30906e-07
8	9.47368	7.19009e-08
0	10	4.70191e-06
0.421053	10	2.00995e-05
0.842105	10	7.09264e-05
1.26316	10	0.000206605
1.68421	10	0.000496806
2.10526	10	0.000986152
2.52632	10	0.00161589
2.94737	10	0.00218571
3.36842	10	0.00244052
3.78947	10	0.00224949
4.21053	10	0.00171159
4.63158	10	0.00107504
5.05263	10	0.000557392
5.47368	10	0.000238566
5.89474	10	8.42884e-05
6.31579	10	2.45832e-05
6.73684	10	5.91862e-06
7.15789	10	1.17629e-06
7.57895	10	1.92983e-07
8	10	2.61358e-08
