epochs	4-2-3	4-3-3	4-4-3	4-5-3	4-6-3	4-7-3	4-8-3	4-9-3	4-10-3
0	0.54249	0.52548	0.48995	0.53123	0.48799	0.55908	0.60165	0.59676	0.4921
50	0.30492	0.24321	0.25771	0.2226	0.21837	0.24089	0.24908	0.23223	0.26088
100	0.15362	0.14707	0.16184	0.14329	0.13561	0.14196	0.14762	0.13865	0.16706
150	0.12408	0.11562	0.13153	0.12386	0.11856	0.12371	0.11875	0.12017	0.12828
200	0.11688	0.11087	0.11856	0.11193	0.11578	0.11137	0.11197	0.11189	0.1199
250	0.10802	0.10762	0.11078	0.10365	0.090876	0.10601	0.10643	0.10407	0.11239
300	0.10439	0.10302	0.10594	0.10404	0.099563	0.10581	0.10026	0.098578	0.10386
350	0.095742	0.10366	0.10077	0.10051	0.097335	0.10215	0.097755	0.10122	0.10104
400	0.091557	0.095795	0.093835	0.096812	0.09458	0.10072	0.098905	0.10061	0.095353
450	0.096959	0.095944	0.095661	0.096363	0.096312	0.091593	0.097515	0.096636	0.099068
500	0.09151	0.095227	0.09964	0.095227	0.094537	0.091534	0.096675	0.091116	0.098241
550	0.092205	0.094959	0.0961	0.08677	0.08253	0.085836	0.092102	0.094826	0.094832
600	0.092236	0.084672	0.095264	0.092353	0.094542	0.091331	0.090615	0.092413	0.091059
650	0.095243	0.090342	0.087005	0.089447	0.089649	0.098463	0.088039	0.093019	0.088845
700	0.093666	0.089893	0.082282	0.086127	0.093469	0.086965	0.091285	0.094497	0.089267
750	0.090021	0.090755	0.090469	0.097085	0.091603	0.084395	0.091435	0.086268	0.09157
800	0.09354	0.086531	0.088338	0.086851	0.082226	0.085438	0.091423	0.090866	0.087606
850	0.090143	0.090035	0.091928	0.090121	0.091795	0.088853	0.087488	0.092517	0.086576
900	0.092482	0.080592	0.092215	0.088137	0.085242	0.089246	0.083397	0.075072	0.081174
950	0.092236	0.086995	0.09184	0.084082	0.089878	0.091154	0.088753	0.090323	0.083063
1000	0.088791	0.07637	0.095898	0.084375	0.083015	0.093226	0.082141	0.095867	0.090229
1050	0.086532	0.083444	0.083532	0.083956	0.086116	0.064809	0.09565	0.092907	0.074778
1100	0.092637	0.084779	0.089355	0.079346	0.082791	0.074484	0.081104	0.086708	0.086772
1150	0.090637	0.088207	0.086969	0.091433	0.08643	0.085894	0.08708	0.088262	0.089449
1200	0.084274	0.085349	0.090413	0.087715	0.088615	0.090061	0.089464	0.078721	0.076399
1250	0.086059	0.085896	0.088439	0.071453	0.082907	0.079889	0.091524	0.085694	0.089779
1300	0.07621	0.086378	0.08864	0.087559	0.093288	0.085423	0.08854	0.084256	0.087273
1350	0.078621	0.082018	0.082727	0.086082	0.084454	0.090985	0.07692	0.084555	0.080358
1400	0.086905	0.083059	0.087404	0.088337	0.066768	0.080514	0.086452	0.088193	0.087173
1450	0.074401	0.081766	0.073522	0.085587	0.087294	0.074585	0.083436	0.083768	0.085983
1500	0.085696	0.079077	0.080999	0.084551	0.079649	0.086223	0.085191	0.087627	0.075142
1550	0.08551	0.082305	0.082304	0.081325	0.079429	0.07845	0.081945	0.08256	0.085906
1600	0.082086	0.088223	0.081839	0.092301	0.088638	0.080269	0.082334	0.086697	0.089834
1650	0.074977	0.081416	0.080315	0.084796	0.083466	0.08146	0.077226	0.079711	0.087234
1700	0.088654	0.083586	0.080465	0.085926	0.08676	0.081685	0.066123	0.081342	0.083447
1750	0.084095	0.081552	0.083378	0.079402	0.086703	0.073772	0.089173	0.084319	0.087932
1800	0.076924	0.078505	0.066996	0.0836	0.08484	0.080611	0.074727	0.081093	0.080179
1850	0.086007	0.084989	0.081047	0.076484	0.076542	0.082407	0.071502	0.078931	0.084188
1900	0.082669	0.077628	0.082462	0.08035	0.073921	0.056452	0.082941	0.081005	0.080043
1950	0.077304	0.082619	0.084047	0.076658	0.080608	0.080483	0.068829	0.076778	0.078687
2000	0.081552	0.086073	0.072864	0.080243	0.090242	0.077237	0.081012	0.084349	0.078906
2050	0.077854	0.081275	0.078361	0.086429	0.083625	0.082373	0.078209	0.073065	0.08136
2100	0.080541	0.074406	0.081315	0.090249	0.075149	0.067467	0.087024	0.081221	0.074665
2150	0.084154	0.074457	0.082934	0.062461	0.089014	0.066742	0.086723	0.085272	0.073812
2200	0.085231	0.073897	0.081367	0.077854	0.067548	0.074336	0.06909	0.082264	0.080679
2250	0.07158	0.075795	0.07815	0.07882	0.084007	0.064224	0.082217	0.062958	0.084384
2300	0.074953	0.080756	0.069991	0.061799	0.077912	0.078299	0.079948	0.080148	0.087666
2350	0.079385	0.07449	0.08297	0.085125	0.076527	0.069649	0.072834	0.060855	0.083112
2400	0.080859	0.088409	0.06608	0.079318	0.086889	0.067337	0.069077	0.075407	0.076415
2450	0.07	0.076119	0.070255	0.087047	0.068828	0.062361	0.074921	0.081332	0.07551
2500	0.076001	0.080431	0.070748	0.070252	0.082223	0.072956	0.085203	0.075831	0.072727
2550	0.076533	0.073691	0.071406	0.072676	0.071449	0.068592	0.067463	0.090396	0.080876
2600	0.078599	0.07648	0.076426	0.077722	0.084225	0.065102	0.071646	0.069828	0.071195
2650	0.070603	0.082956	0.061869	0.083353	0.080489	0.065093	0.08012	0.073846	0.055134
2700	0.082119	0.078908	0.073275	0.070973	0.081116	0.062388	0.079908	0.08329	0.05699
2750	0.083549	0.085065	0.071811	0.082968	0.086548	0.061272	0.078581	0.070822	0.071849
2800	0.081969	0.062262	0.075765	0.073981	0.068621	0.057363	0.082817	0.063581	0.074917
2850	0.074952	0.0792	0.075631	0.082145	0.068703	0.057759	0.082926	0.076937	0.072446
2900	0.074153	0.071563	0.068	0.072959	0.077189	0.05397	0.070529	0.060208	0.060233
2950	0.065458	0.070982	0.067278	0.077167	0.088269	0.061398	0.079231	0.084931	0.073268
3000	0.073115	0.075165	0.067305	0.071272	0.074138	0.059021	0.074648	0.08171	0.072698
3050	0.072247	0.076345	0.07009	0.076508	0.082199	0.055498	0.082838	0.071339	0.078429
3100	0.081332	0.084386	0.072875	0.082177	0.078135	0.05153	0.080597	0.075253	0.069194
3150	0.079983	0.072357	0.070408	0.071831	0.067404	0.051904	0.079138	0.07642	0.066948
3200	0.077029	0.087201	0.068108	0.071734	0.074506	0.054432	0.069119	0.072661	0.078788
3250	0.072753	0.080476	0.061772	0.074552	0.081249	0.053073	0.065219	0.075931	0.077306
3300	0.075737	0.068187	0.064097	0.073535	0.064048	0.050031	0.07946	0.075965	0.070111
3350	0.075796	0.077937	0.050218	0.067757	0.072761	0.055762	0.055634	0.052009	0.053342
3400	0.079414	0.065387	0.064926	0.066415	0.080823	0.050906	0.06945	0.072222	0.057994
3450	0.067053	0.085473	0.06714	0.070485	0.062114	0.049148	0.073734	0.077593	0.05116
3500	0.055783	0.06062	0.059786	0.07197	0.071363	0.043953	0.069096	0.06792	0.070697
3550	0.076799	0.084854	0.058904	0.070516	0.075788	0.049391	0.077791	0.078142	0.072999
3600	0.084789	0.070611	0.059671	0.078168	0.06767	0.045861	0.068323	0.075198	0.069511
3650	0.061277	0.074579	0.045298	0.069501	0.080914	0.047021	0.066005	0.062735	0.061943
3700	0.080042	0.082001	0.050962	0.053888	0.07302	0.043135	0.069839	0.079128	0.055155
3750	0.057009	0.080205	0.05552	0.075717	0.082801	0.043479	0.066636	0.077785	0.074833
3800	0.074529	0.061902	0.061268	0.077628	0.072061	0.043945	0.068777	0.066557	0.068408
3850	0.069534	0.076732	0.048517	0.071551	0.061377	0.040934	0.060071	0.074633	0.069046
3900	0.065037	0.076659	0.051525	0.079996	0.078305	0.041159	0.066064	0.075218	0.053127
3950	0.077647	0.072562	0.054168	0.066117	0.075791	0.039877	0.050058	0.074992	0.068418
4000	0.081291	0.078125	0.04951	0.065034	0.066151	0.035976	0.051157	0.063544	0.071964
4050	0.073317	0.082584	0.048274	0.076459	0.070338	0.037622	0.063137	0.047985	0.068479
4100	0.078339	0.051801	0.048199	0.079597	0.055913	0.036036	0.063666	0.077457	0.062073
4150	0.076762	0.073455	0.048541	0.063673	0.070558	0.036518	0.061427	0.073839	0.06174
4200	0.075378	0.072482	0.04877	0.08082	0.053715	0.036715	0.057776	0.070223	0.063295
4250	0.072779	0.071151	0.042121	0.056503	0.074437	0.03608	0.056128	0.063568	0.062835
4300	0.078331	0.080625	0.041897	0.073131	0.063292	0.035348	0.058439	0.06073	0.061422
4350	0.062504	0.07519	0.041148	0.057617	0.07026	0.035952	0.055857	0.060658	0.063467
4400	0.071878	0.06453	0.044059	0.06824	0.064052	0.034204	0.04913	0.071093	0.051245
4450	0.055491	0.066852	0.039968	0.073944	0.059455	0.033632	0.06335	0.069034	0.048291
4500	0.085615	0.05871	0.034311	0.071584	0.068476	0.032521	0.044356	0.069212	0.056177
4550	0.066461	0.071549	0.038314	0.069839	0.07549	0.032512	0.052317	0.05887	0.062621
4600	0.053139	0.046964	0.035197	0.071589	0.073634	0.030329	0.057777	0.062052	0.048786
4650	0.063265	0.068879	0.037219	0.071217	0.070033	0.029273	0.042637	0.067179	0.044659
4700	0.067323	0.065499	0.036429	0.071433	0.064354	0.031394	0.055173	0.06278	0.049125
4750	0.067454	0.071368	0.035136	0.063788	0.066918	0.030564	0.052446	0.049094	0.045811
4800	0.065847	0.079099	0.033139	0.062796	0.075044	0.029936	0.054359	0.058733	0.036153
4850	0.065964	0.067103	0.033676	0.065916	0.077448	0.02885	0.039243	0.049992	0.045786
4900	0.082131	0.071856	0.033414	0.069511	0.061948	0.028783	0.041176	0.053371	0.040269
4950	0.073958	0.077076	0.031462	0.07169	0.071087	0.029791	0.041333	0.045204	0.041835
5000	0.072489	0.059395	0.031001	0.057935	0.05589	0.027514	0.054448	0.061807	0.039703
5050	0.073348	0.050808	0.03117	0.071709	0.06265	0.027984	0.044129	0.065779	0.041811
5100	0.067161	0.066863	0.032627	0.074643	0.048552	0.028446	0.041204	0.057817	0.038933
5150	0.064749	0.062199	0.029269	0.070512	0.063112	0.028355	0.045337	0.052968	0.041497
5200	0.050137	0.047542	0.030459	0.068341	0.076958	0.027956	0.040652	0.061511	0.044395
5250	0.076515	0.059427	0.028663	0.060937	0.061334	0.02555	0.042984	0.046487	0.038374
5300	0.068414	0.076532	0.029332	0.07369	0.060316	0.025645	0.038596	0.051471	0.031956
5350	0.071052	0.063949	0.028103	0.072279	0.048701	0.026025	0.040776	0.058109	0.034439
5400	0.057163	0.043434	0.027082	0.073787	0.055323	0.026185	0.037706	0.059401	0.035394
5450	0.066111	0.076378	0.026009	0.057858	0.049091	0.025871	0.040302	0.056474	0.032669
5500	0.050257	0.078378	0.026733	0.071891	0.06795	0.024681	0.03086	0.049924	0.037944
5550	0.056172	0.065399	0.024909	0.060863	0.068105	0.025371	0.039573	0.053229	0.034124
5600	0.063842	0.045506	0.026014	0.066713	0.061002	0.024217	0.033346	0.042178	0.036025
5650	0.062337	0.07289	0.026424	0.045745	0.062521	0.025055	0.037874	0.037873	0.029525
5700	0.05966	0.0634	0.025906	0.066562	0.059409	0.02532	0.03489	0.055057	0.033789
5750	0.060954	0.062556	0.024894	0.072809	0.056016	0.024525	0.035981	0.044788	0.027672
5800	0.061006	0.054951	0.024935	0.063521	0.058957	0.024167	0.034833	0.052319	0.034319
5850	0.06067	0.054896	0.024069	0.05859	0.046417	0.024322	0.03334	0.045748	0.032067
5900	0.063976	0.066548	0.023604	0.057346	0.05791	0.022128	0.032867	0.037909	0.028585
5950	0.059279	0.055125	0.0242	0.080983	0.055281	0.023851	0.029331	0.046134	0.030903
6000	0.071561	0.044835	0.024049	0.06766	0.048501	0.023237	0.02774	0.042479	0.02964
6050	0.076699	0.062054	0.022454	0.05203	0.059961	0.023415	0.030741	0.043278	0.02923
6100	0.047655	0.049291	0.023446	0.057268	0.058657	0.023203	0.030309	0.036279	0.028919
6150	0.064605	0.052653	0.022643	0.057175	0.058521	0.022418	0.03029	0.034052	0.0278
6200	0.072532	0.055031	0.022239	0.054027	0.038007	0.022134	0.029338	0.039778	0.029142
6250	0.057792	0.054696	0.022551	0.038956	0.063469	0.022695	0.030165	0.039599	0.027165
6300	0.038127	0.068432	0.021691	0.066782	0.051727	0.02172	0.027654	0.038157	0.026271
6350	0.072329	0.053759	0.021799	0.065407	0.048717	0.021879	0.026999	0.038145	0.026366
6400	0.062101	0.057412	0.021649	0.051573	0.048295	0.02191	0.02776	0.030159	0.025429
6450	0.045985	0.070609	0.021427	0.060354	0.053369	0.021374	0.026747	0.030899	0.026625
6500	0.067658	0.069603	0.02149	0.059406	0.049058	0.020613	0.026139	0.033369	0.023838
6550	0.048776	0.060341	0.02056	0.05328	0.052142	0.02144	0.025936	0.034727	0.025497
6600	0.071784	0.043742	0.021471	0.045464	0.044107	0.021212	0.026464	0.033654	0.025572
6650	0.053382	0.051531	0.020809	0.066695	0.041327	0.020737	0.025862	0.032799	0.024911
6700	0.037254	0.067405	0.020933	0.056234	0.045798	0.020258	0.024727	0.032227	0.023428
6750	0.054506	0.064207	0.020556	0.051107	0.044206	0.020675	0.025153	0.032902	0.024002
6800	0.065451	0.074745	0.020228	0.057083	0.047805	0.020362	0.024324	0.030529	0.023368
6850	0.067062	0.0449	0.020211	0.06603	0.04187	0.02041	0.0243	0.026381	0.023286
6900	0.052389	0.073234	0.019945	0.056288	0.035466	0.019263	0.022331	0.029589	0.023417
6950	0.048083	0.06505	0.01985	0.060319	0.04293	0.019774	0.023947	0.028768	0.022641
7000	0.061205	0.050263	0.019749	0.058522	0.043034	0.019839	0.023539	0.026262	0.022858
7050	0.062462	0.072787	0.0194	0.064796	0.039829	0.019288	0.021347	0.028973	0.02094
7100	0.072025	0.066322	0.019387	0.036774	0.040594	0.019424	0.023663	0.026633	0.021059
7150	0.054287	0.052359	0.019153	0.07019	0.036198	0.019194	0.021695	0.026122	0.02143
7200	0.055023	0.070281	0.019209	0.069528	0.03487	0.019425	0.022955	0.027399	0.021427
7250	0.06732	0.058204	0.01865	0.045436	0.03685	0.018912	0.022159	0.027061	0.020183
7300	0.045479	0.056553	0.018954	0.067998	0.029744	0.018814	0.02235	0.026554	0.020567
7350	0.052072	0.060093	0.01835	0.065506	0.036643	0.018428	0.022064	0.027856	0.020842
7400	0.055257	0.055487	0.018544	0.064681	0.032862	0.018659	0.021643	0.025704	0.019209
7450	0.047862	0.053992	0.018401	0.063604	0.034307	0.0186	0.021688	0.025704	0.020028
7500	0.061786	0.05812	0.01826	0.062185	0.036288	0.018394	0.020189	0.025972	0.020257
7550	0.047939	0.051814	0.018052	0.056046	0.036934	0.018117	0.020808	0.025152	0.019809
7600	0.066867	0.065991	0.017651	0.048979	0.032388	0.018164	0.021273	0.024842	0.019087
7650	0.045043	0.049988	0.017633	0.060465	0.0338	0.017699	0.020488	0.023875	0.018619
7700	0.064537	0.051516	0.017732	0.066044	0.028308	0.017721	0.020562	0.024183	0.018749
7750	0.048865	0.046265	0.01744	0.059703	0.030291	0.017587	0.02041	0.023251	0.018875
7800	0.03593	0.051095	0.017446	0.061547	0.029138	0.01756	0.01987	0.024337	0.019001
7850	0.045603	0.065393	0.017272	0.06953	0.029731	0.017526	0.020004	0.023017	0.018551
7900	0.059994	0.03526	0.017059	0.056382	0.031351	0.017543	0.019296	0.023946	0.018421
7950	0.060736	0.066	0.017159	0.053749	0.02854	0.017012	0.018867	0.022684	0.018067
8000	0.0586	0.051719	0.016738	0.052758	0.029319	0.017183	0.019251	0.02134	0.018427
8050	0.058028	0.054188	0.016988	0.065841	0.030095	0.017264	0.018614	0.022218	0.018037
8100	0.052972	0.068518	0.016751	0.065784	0.02935	0.01684	0.018752	0.020957	0.01782
8150	0.052468	0.045308	0.016443	0.053732	0.026419	0.016909	0.018836	0.021782	0.017765
8200	0.046891	0.053039	0.016539	0.04959	0.024738	0.016981	0.017976	0.021355	0.01761
8250	0.044451	0.03707	0.016372	0.040762	0.025364	0.016937	0.018694	0.021926	0.017234
8300	0.046612	0.062342	0.016442	0.05402	0.02904	0.016453	0.018585	0.020523	0.017555
8350	0.059811	0.04425	0.01632	0.049495	0.027085	0.01665	0.018329	0.020804	0.017254
8400	0.057927	0.057437	0.016266	0.057483	0.026668	0.016252	0.018141	0.020642	0.017087
8450	0.064283	0.044546	0.016	0.051127	0.026678	0.016175	0.018138	0.020639	0.016701
8500	0.038689	0.055012	0.016077	0.051159	0.023662	0.016346	0.017107	0.019935	0.016895
8550	0.034862	0.059668	0.015919	0.05251	0.025461	0.016173	0.017705	0.020178	0.016747
8600	0.051498	0.051785	0.015796	0.06447	0.023285	0.016149	0.016906	0.020278	0.016402
8650	0.030847	0.052103	0.015786	0.048848	0.023027	0.015771	0.017431	0.020036	0.01642
8700	0.046153	0.042733	0.015534	0.050826	0.025125	0.015995	0.017342	0.019765	0.016379
8750	0.060539	0.041158	0.015496	0.055201	0.02373	0.015897	0.017282	0.018466	0.015941
8800	0.064503	0.043832	0.015484	0.061835	0.02344	0.015849	0.016571	0.019308	0.015613
8850	0.054866	0.051725	0.015296	0.055631	0.022498	0.015834	0.016644	0.018903	0.016024
8900	0.035263	0.054016	0.015269	0.041371	0.024085	0.015499	0.016696	0.018946	0.015908
8950	0.047638	0.034922	0.015243	0.056585	0.023007	0.015545	0.016757	0.018849	0.015633
9000	0.044543	0.045867	0.015183	0.056523	0.023384	0.015497	0.016758	0.018732	0.015659
9050	0.045986	0.044568	0.01511	0.038135	0.022801	0.01548	0.016326	0.018253	0.015565
9100	0.037505	0.051065	0.014872	0.052738	0.023042	0.015073	0.01639	0.017597	0.015468
9150	0.067885	0.067306	0.014974	0.059235	0.022543	0.015417	0.016174	0.018372	0.015366
9200	0.047683	0.03863	0.014829	0.053582	0.020231	0.015191	0.016123	0.017696	0.014998
9250	0.047889	0.048177	0.014839	0.069929	0.022367	0.015077	0.015537	0.018061	0.01495
9300	0.044086	0.03778	0.014571	0.04783	0.021974	0.014965	0.015678	0.017411	0.014963
9350	0.050958	0.042219	0.014593	0.037731	0.021368	0.014975	0.01577	0.017432	0.01492
9400	0.061029	0.040152	0.014573	0.047071	0.021434	0.014933	0.015616	0.017593	0.014912
9450	0.05204	0.045865	0.014482	0.059165	0.019617	0.014879	0.01566	0.017127	0.014581
9500	0.047811	0.045105	0.014427	0.046759	0.020158	0.014539	0.015177	0.016975	0.014648
9550	0.033729	0.044948	0.014399	0.048112	0.020532	0.014752	0.015486	0.016596	0.014647
9600	0.043402	0.052342	0.014227	0.054124	0.020666	0.014638	0.015163	0.017073	0.014428
9650	0.047435	0.040121	0.01419	0.048248	0.020791	0.014584	0.015094	0.016874	0.014228
9700	0.041655	0.033455	0.014225	0.051137	0.020227	0.014542	0.015181	0.016357	0.01433
9750	0.027562	0.031505	0.014121	0.063065	0.019445	0.014474	0.015089	0.016407	0.01413
9800	0.034546	0.062987	0.014083	0.039281	0.020151	0.014328	0.014776	0.016406	0.014129
9850	0.040497	0.035815	0.013981	0.052494	0.018525	0.014282	0.01467	0.016588	0.013849
9900	0.030331	0.056767	0.01392	0.047387	0.019883	0.014226	0.014923	0.016109	0.013792
9950	0.033036	0.032761	0.013837	0.050784	0.019185	0.014184	0.014816	0.016272	0.01389
10000	0.04258	0.033075	0.013784	0.034894	0.019189	0.01413	0.01445	0.016085	0.01384
10050	0.030905	0.044389	0.013718	0.032917	0.019154	0.014044	0.014473	0.016036	0.013673
10100	0.035641	0.037963	0.013625	0.041115	0.019132	0.013973	0.014507	0.015723	0.013694
10150	0.034178	0.041374	0.013586	0.037735	0.017918	0.013741	0.014439	0.015685	0.01353
10200	0.029148	0.036698	0.013519	0.041456	0.018399	0.013892	0.014302	0.015727	0.013347
10250	0.040957	0.032771	0.013489	0.039713	0.017502	0.01377	0.014318	0.015313	0.013274
10300	0.039514	0.032884	0.013358	0.034972	0.018038	0.013785	0.014206	0.015458	0.013431
10350	0.02987	0.029551	0.013391	0.04998	0.018607	0.013663	0.014174	0.015408	0.013291
10400	0.041756	0.043057	0.013314	0.034838	0.017276	0.013698	0.014004	0.015267	0.01317
10450	0.044295	0.045009	0.013304	0.033807	0.017209	0.013474	0.014047	0.014874	0.01301
10500	0.031799	0.031612	0.013194	0.047213	0.017344	0.013533	0.013996	0.015183	0.0131
10550	0.044007	0.028322	0.013132	0.041053	0.017098	0.013481	0.013816	0.015025	0.01302
10600	0.035961	0.033861	0.013056	0.037093	0.017376	0.013365	0.013825	0.014934	0.012971
10650	0.030201	0.039264	0.013045	0.042216	0.017498	0.013393	0.01366	0.014985	0.012907
10700	0.037041	0.054881	0.012986	0.039159	0.017394	0.0132	0.013487	0.014764	0.0128
10750	0.038199	0.027886	0.012989	0.038172	0.017032	0.013297	0.013531	0.014699	0.012718
10800	0.032096	0.038174	0.012893	0.034728	0.016849	0.013244	0.013556	0.014671	0.01264
10850	0.044085	0.039913	0.012855	0.042845	0.016881	0.013157	0.013324	0.014549	0.012607
10900	0.038569	0.03824	0.012729	0.033701	0.016838	0.013155	0.013334	0.014192	0.012626
10950	0.053755	0.030487	0.012689	0.035381	0.016624	0.012991	0.013386	0.014253	0.01251
11000	0.0292	0.037348	0.012688	0.032731	0.016015	0.013007	0.013256	0.014088	0.012439
11050	0.032343	0.035529	0.012667	0.02505	0.015927	0.01284	0.013144	0.014175	0.012325
11100	0.031514	0.041417	0.01264	0.029166	0.016287	0.012933	0.01303	0.013992	0.012337
11150	0.043412	0.029288	0.012596	0.043148	0.016118	0.012811	0.013071	0.01386	0.01231
11200	0.032499	0.032611	0.012447	0.042794	0.016252	0.012848	0.012994	0.013906	0.012216
11250	0.037876	0.024842	0.012522	0.031339	0.015523	0.012753	0.012857	0.013693	0.012203
11300	0.029103	0.021779	0.01242	0.045134	0.016079	0.012775	0.012915	0.01382	0.0121
11350	0.027813	0.031135	0.01239	0.037544	0.015458	0.012694	0.012848	0.013804	0.011931
11400	0.026179	0.031795	0.012337	0.028882	0.015253	0.012637	0.012809	0.013681	0.012037
11450	0.029369	0.036289	0.012302	0.033887	0.015071	0.01262	0.012726	0.013617	0.011959
11500	0.038822	0.032293	0.012255	0.028412	0.015715	0.012576	0.012549	0.013582	0.011897
11550	0.033911	0.026336	0.012228	0.034075	0.015003	0.012517	0.012598	0.013499	0.011806
11600	0.033401	0.025111	0.012149	0.030246	0.015287	0.012383	0.012463	0.013416	0.011774
11650	0.033578	0.029843	0.012138	0.027987	0.014811	0.012253	0.012424	0.013252	0.011795
11700	0.027162	0.024566	0.011993	0.029994	0.015057	0.012402	0.012457	0.013263	0.01169
11750	0.044067	0.034637	0.01205	0.026028	0.014689	0.012266	0.012262	0.012999	0.01161
11800	0.031502	0.030473	0.011978	0.035907	0.015083	0.01228	0.01233	0.013099	0.011613
11850	0.025756	0.024162	0.011974	0.032685	0.014807	0.012095	0.012295	0.013093	0.011557
11900	0.028636	0.026605	0.011909	0.026962	0.014645	0.012198	0.012207	0.012911	0.011476
11950	0.027794	0.026416	0.011863	0.029692	0.014851	0.012139	0.012211	0.012969	0.011317
12000	0.02943	0.024498	0.011833	0.036349	0.014724	0.012111	0.012137	0.012862	0.011418
12050	0.031164	0.025621	0.011795	0.02896	0.014118	0.011916	0.012084	0.01288	0.011307
12100	0.028416	0.027386	0.01174	0.029581	0.014012	0.012025	0.012044	0.01281	0.011331
12150	0.029394	0.025243	0.011724	0.035365	0.014439	0.011961	0.011967	0.012684	0.011245
12200	0.027909	0.027717	0.011681	0.032982	0.014525	0.011925	0.011966	0.01271	0.011167
12250	0.023818	0.028091	0.011622	0.027394	0.014424	0.0119	0.011925	0.012657	0.011143
12300	0.020224	0.024619	0.011617	0.027208	0.014123	0.011827	0.011821	0.012563	0.011031
12350	0.028043	0.022281	0.011568	0.025664	0.014097	0.011829	0.011682	0.012555	0.011017
12400	0.024782	0.025457	0.011488	0.031434	0.014071	0.011782	0.011748	0.012372	0.011064
12450	0.02476	0.02387	0.011518	0.02285	0.013904	0.01175	0.011674	0.012419	0.010999
12500	0.027816	0.029218	0.011479	0.030235	0.013898	0.011697	0.01158	0.012237	0.010987
12550	0.02243	0.028169	0.011408	0.027235	0.013822	0.011679	0.011633	0.012292	0.010904
12600	0.023796	0.024305	0.011417	0.029299	0.013621	0.011571	0.01161	0.012266	0.010882
12650	0.027866	0.024772	0.011377	0.026109	0.013669	0.011623	0.011489	0.012059	0.010765
12700	0.022591	0.02132	0.01128	0.024219	0.013359	0.011547	0.011483	0.012103	0.010797
12750	0.024811	0.028088	0.011276	0.021959	0.013466	0.011511	0.011462	0.012062	0.010716
12800	0.02742	0.026136	0.011252	0.024559	0.01333	0.011427	0.011474	0.012028	0.01068
12850	0.023498	0.028232	0.011211	0.025598	0.013346	0.011469	0.011348	0.011968	0.010666
12900	0.022891	0.023335	0.011192	0.024297	0.013182	0.011431	0.011355	0.011875	0.010541
12950	0.02657	0.022946	0.011163	0.023405	0.01323	0.011347	0.011307	0.011831	0.010598
13000	0.023739	0.023111	0.011115	0.025032	0.013143	0.011372	0.011263	0.011826	0.010533
13050	0.024328	0.024037	0.011077	0.025996	0.01318	0.011287	0.011199	0.011666	0.010514
13100	0.024013	0.02238	0.011048	0.027155	0.012984	0.011252	0.011187	0.011774	0.010451
13150	0.020702	0.021264	0.011033	0.022691	0.012916	0.011222	0.011169	0.011745	0.010442
13200	0.025096	0.023331	0.010999	0.024217	0.013041	0.011142	0.011096	0.011524	0.010399
13250	0.020934	0.024888	0.010917	0.021576	0.012731	0.011157	0.011071	0.011556	0.010365
13300	0.023169	0.021841	0.010885	0.020337	0.012801	0.011129	0.01096	0.011501	0.010279
13350	0.022103	0.021189	0.010893	0.026691	0.012696	0.011106	0.010995	0.011457	0.010299
13400	0.023707	0.020046	0.010865	0.024272	0.012638	0.011052	0.010932	0.011474	0.010239
13450	0.022309	0.019964	0.010839	0.021302	0.012525	0.011048	0.010924	0.011459	0.010244
13500	0.023935	0.019253	0.01078	0.023658	0.012555	0.010995	0.010879	0.011298	0.010167
13550	0.022032	0.022454	0.010783	0.024034	0.012485	0.010985	0.010817	0.01139	0.01013
13600	0.023907	0.022652	0.01075	0.024399	0.012523	0.010934	0.010778	0.011266	0.010108
13650	0.023282	0.022173	0.010724	0.026074	0.012518	0.010914	0.010747	0.011258	0.010086
13700	0.019312	0.020421	0.010694	0.023964	0.012482	0.010888	0.010652	0.011235	0.009966
13750	0.019403	0.019638	0.010656	0.024372	0.012173	0.01085	0.010708	0.01109	0.010019
13800	0.022144	0.021688	0.010634	0.024122	0.012158	0.010741	0.010691	0.01116	0.009995
13850	0.021076	0.02113	0.010591	0.019149	0.012022	0.0108	0.0106	0.011092	0.0099571
13900	0.021361	0.020804	0.010572	0.02429	0.012166	0.010778	0.010546	0.011104	0.0099174
13950	0.020486	0.020407	0.010553	0.02191	0.012167	0.010723	0.010516	0.011045	0.0098682
14000	0.022458	0.022357	0.010476	0.0254	0.011852	0.010709	0.010532	0.010958	0.0098272
14050	0.018822	0.022107	0.010498	0.021247	0.012065	0.010628	0.010466	0.010908	0.0097883
14100	0.022103	0.018225	0.010473	0.022914	0.011958	0.01063	0.010458	0.010818	0.0097986
14150	0.022304	0.020265	0.010434	0.023339	0.011912	0.010546	0.010381	0.010875	0.0097386
14200	0.021358	0.02057	0.010407	0.022289	0.011765	0.01054	0.010381	0.010833	0.0097311
14250	0.020705	0.016751	0.01039	0.023682	0.011857	0.010546	0.010329	0.01077	0.0096845
14300	0.022726	0.021424	0.010356	0.020049	0.011775	0.010504	0.010336	0.010753	0.0096365
14350	0.019277	0.019843	0.010311	0.023633	0.01173	0.01041	0.010239	0.010691	0.0096196
14400	0.020035	0.020382	0.010302	0.022873	0.011671	0.010456	0.010287	0.010608	0.0096112
14450	0.019917	0.019741	0.010269	0.021403	0.011645	0.01043	0.010214	0.010593	0.0095342
14500	0.02123	0.021526	0.010253	0.022731	0.011625	0.010398	0.010204	0.01059	0.0095409
14550	0.021128	0.021287	0.010215	0.019913	0.011554	0.010343	0.010188	0.01056	0.0095293
14600	0.017854	0.019976	0.010197	0.023697	0.011516	0.010359	0.010076	0.010554	0.0094627
14650	0.020323	0.019989	0.010167	0.021451	0.011348	0.010309	0.010078	0.010483	0.0094304
14700	0.019636	0.021199	0.010139	0.023544	0.011456	0.010219	0.010068	0.010457	0.0093835
14750	0.020299	0.017065	0.010089	0.021149	0.011233	0.010263	0.010044	0.010419	0.0094022
14800	0.019783	0.018411	0.010088	0.019278	0.011299	0.010203	0.0099929	0.010429	0.0093181
14850	0.019841	0.019379	0.010075	0.020052	0.011343	0.010208	0.010003	0.010321	0.0093295
14900	0.019179	0.020843	0.010041	0.020953	0.011252	0.010108	0.0099677	0.010339	0.0093086
14950	0.020123	0.019126	0.010016	0.02076	0.011215	0.010158	0.009918	0.01029	0.009257
15000	0.018934	0.018472	0.0099703	0.020402	0.0112	0.010073	0.009907	0.010263	0.0092724