n Po³¹czenia Neurony
1 1.0 1.0
2 1.0 1.0
3 1.0 1.0
4 0.0 1.0
5 1.0 1.0
6 1.0 1.0
7 1.0 1.0
8 1.0 1.0
9 1.0 1.0
10 0.0 0.0
11 0.0 1.0
12 0.0 1.0
13 0.0 1.0
14 0.0 1.0
15 0.0 1.0
16 0.0 0.0
17 0.0 1.0
18 0.0 1.0
19 1.0 1.0
20 1.0 1.0
21 1.0 1.0
22 1.0 1.0
23 1.0 1.0
24 1.0 1.0
25 1.0 1.0
26 1.0 1.0
27 1.0 1.0
28 1.0 1.0
29 1.0 1.0
30 1.0 1.0
31 1.0 1.0
32 1.0 1.0
33 1.0 1.0
34 1.0 1.0
35 1.0 1.0
36 1.0 1.0
37 1.0 1.0
38 1.0 1.0
39 1.0 1.0
40 1.0 1.0
41 2.0 2.0
42 1.0 2.0
43 2.0 2.0
44 2.0 2.0
45 2.0 2.0
46 2.0 2.0
47 2.0 2.0
48 2.0 2.0
49 1.0 2.0
50 1.0 2.0
51 1.0 2.0
52 0.0 1.0
53 1.0 1.0
54 2.0 2.0
55 1.0 1.0
56 1.0 1.0
57 0.0 0.0
58 0.0 1.0
59 1.0 1.0
60 1.0 1.0
61 1.0 1.0
62 1.0 1.0
63 1.0 1.0
64 1.0 1.0
65 1.0 1.0
66 1.0 1.0
67 1.0 1.0
68 1.0 1.0
69 0.0 0.0
70 0.0 1.0
71 0.0 0.0
72 0.0 1.0
73 0.0 0.0
74 0.0 1.0
75 1.0 1.0
76 1.0 1.0
77 1.0 1.0
78 1.0 1.0
79 1.0 1.0
80 1.0 1.0
81 1.0 1.0
82 1.0 1.0
83 0.0 1.0
84 0.0 1.0
85 1.0 1.0
86 1.0 1.0
87 1.0 1.0
88 1.0 1.0
89 2.0 2.0
90 2.0 2.0
91 2.0 2.0
92 2.0 2.0
93 2.0 2.0
94 2.0 2.0
95 2.0 2.0
96 2.0 2.0
97 2.0 2.0
98 2.0 2.0
99 2.0 2.0
100 2.0 2.0
101 2.0 2.0
102 2.0 2.0
103 2.0 2.0
104 2.0 2.0
105 2.0 2.0
106 2.0 2.0
107 2.0 2.0
108 2.0 2.0
109 2.0 2.0
110 2.0 2.0
111 2.0 2.0
112 3.0 3.0
113 4.0 3.0
114 4.0 3.0
115 4.0 3.0
116 5.0 3.0
117 5.0 3.0
118 4.0 3.0
119 3.0 3.0
120 3.0 3.0
121 4.0 4.0
122 4.0 4.0
123 3.0 4.0
124 3.0 4.0
125 2.0 3.0
126 1.0 2.0
127 0.0 2.0
128 0.0 2.0
129 0.0 2.0
130 1.0 3.0
131 1.0 3.0
132 1.0 3.0
133 1.0 3.0
134 0.0 2.0
135 1.0 2.0
136 1.0 2.0
137 0.0 2.0
138 1.0 2.0
139 1.0 1.0
140 1.0 1.0
141 0.0 0.0
142 0.0 1.0
143 0.0 1.0
144 0.0 1.0
145 0.0 1.0
146 0.0 1.0
147 1.0 1.0
148 1.0 1.0
149 0.0 0.0
150 0.0 1.0
151 0.0 1.0
152 1.0 1.0
153 1.0 1.0
154 1.0 1.0
155 1.0 1.0
156 1.0 1.0
157 1.0 1.0
158 1.0 1.0
159 1.0 1.0
160 2.0 1.0
161 2.0 1.0
162 2.0 1.0
163 2.0 1.0
164 3.0 2.0
165 4.0 2.0
166 4.0 2.0
167 4.0 2.0
168 3.0 1.0
169 3.0 1.0
170 3.0 1.0
171 3.0 1.0
172 3.0 1.0
173 3.0 1.0
174 2.0 1.0
175 2.0 1.0
176 2.0 1.0
177 2.0 1.0
178 1.0 1.0
179 1.0 1.0
180 1.0 1.0
181 2.0 1.0
182 2.0 1.0
183 3.0 1.0
184 3.0 1.0
185 0.0 0.0
186 0.0 1.0
187 0.0 0.0
188 0.0 1.0
189 0.0 1.0
190 0.0 1.0
191 0.0 0.0
192 0.0 1.0
193 1.0 2.0
194 2.0 2.0
195 2.0 2.0
196 2.0 2.0
197 2.0 2.0
198 2.0 2.0
199 2.0 2.0
200 1.0 2.0
201 1.0 2.0
202 1.0 2.0
203 1.0 2.0
204 1.0 2.0
205 1.0 2.0
206 1.0 2.0
207 0.0 1.0
208 1.0 1.0
209 1.0 1.0
210 0.0 1.0
211 1.0 1.0
212 1.0 1.0
213 2.0 2.0
214 2.0 2.0
215 2.0 2.0
216 2.0 2.0
217 2.0 2.0
218 2.0 2.0
219 2.0 2.0
220 2.0 2.0
221 3.0 2.0
222 4.0 3.0
223 4.0 3.0
224 3.0 3.0
225 3.0 3.0
226 4.0 4.0
227 4.0 3.0
228 3.0 3.0
229 3.0 3.0
230 3.0 3.0
231 2.0 3.0
232 1.0 2.0
233 2.0 2.0
234 2.0 2.0
235 2.0 2.0
236 2.0 2.0
237 2.0 2.0
238 2.0 2.0
239 2.0 2.0
240 0.0 1.0
241 0.0 1.0
242 1.0 1.0
243 1.0 1.0
244 0.0 1.0
245 1.0 1.0
246 1.0 1.0
247 1.0 1.0
248 1.0 1.0
249 0.0 1.0
250 1.0 2.0
251 1.0 2.0
252 1.0 2.0
253 1.0 2.0
254 2.0 2.0
255 2.0 2.0
256 2.0 2.0
257 2.0 2.0
258 2.0 2.0
259 1.0 2.0
260 2.0 3.0
261 2.0 3.0
262 2.0 3.0
263 2.0 3.0
264 3.0 3.0
265 3.0 3.0
266 3.0 3.0
267 2.0 2.0
268 3.0 2.0
269 1.0 1.0
270 1.0 1.0
271 1.0 1.0
272 0.0 1.0
273 0.0 0.0
274 0.0 1.0
275 1.0 1.0
276 1.0 1.0
277 2.0 2.0
278 2.0 2.0
279 2.0 2.0
280 2.0 2.0
281 2.0 2.0
282 3.0 3.0
283 3.0 3.0
284 3.0 3.0
285 3.0 3.0
286 3.0 3.0
287 4.0 3.0
288 5.0 3.0
289 5.0 3.0
290 5.0 3.0
291 4.0 3.0
292 4.0 3.0
293 4.0 3.0
294 4.0 3.0
295 4.0 3.0
296 4.0 3.0
297 4.0 3.0
298 4.0 3.0
299 2.0 2.0
300 2.0 2.0
301 2.0 2.0
302 2.0 2.0
303 2.0 2.0
304 2.0 2.0
305 2.0 2.0
306 2.0 2.0
307 2.0 2.0
308 2.0 2.0
309 2.0 2.0
310 2.0 2.0
311 3.0 2.0
312 1.0 1.0
313 0.0 1.0
314 1.0 2.0
315 1.0 2.0
316 1.0 2.0
317 1.0 2.0
318 1.0 2.0
319 1.0 2.0
320 1.0 2.0
321 1.0 2.0
322 1.0 2.0
323 2.0 2.0
324 2.0 2.0
325 2.0 2.0
326 2.0 2.0
327 1.0 2.0
328 1.0 2.0
329 1.0 2.0
330 1.0 2.0
331 2.0 3.0
332 2.0 3.0
333 2.0 3.0
334 2.0 3.0
335 2.0 3.0
336 2.0 3.0
337 2.0 3.0
338 2.0 3.0
339 2.0 3.0
340 2.0 3.0
341 2.0 3.0
342 2.0 3.0
343 2.0 3.0
344 2.0 3.0
345 2.0 3.0
346 3.0 3.0
347 3.0 3.0
348 3.0 3.0
349 3.0 3.0
350 3.0 3.0
351 3.0 3.0
352 3.0 3.0
353 3.0 3.0
354 4.0 3.0
355 4.0 3.0
356 4.0 3.0
357 4.0 3.0
358 4.0 3.0
359 4.0 3.0
360 3.0 3.0
361 3.0 3.0
362 3.0 3.0
363 3.0 3.0
364 3.0 3.0
365 3.0 3.0
366 2.0 3.0
367 2.0 3.0
368 1.0 3.0
369 1.0 3.0
370 2.0 3.0
371 2.0 3.0
372 2.0 3.0
373 2.0 3.0
374 3.0 4.0
375 3.0 4.0
376 3.0 4.0
377 3.0 4.0
378 3.0 4.0
379 2.0 3.0
380 2.0 3.0
381 2.0 3.0
382 3.0 3.0
383 2.0 3.0
384 2.0 3.0
385 2.0 3.0
386 0.0 2.0
387 1.0 3.0
388 1.0 3.0
389 2.0 3.0
390 2.0 3.0
391 2.0 3.0
392 3.0 3.0
393 3.0 3.0
394 3.0 3.0
395 3.0 3.0
396 3.0 3.0
397 3.0 3.0
398 2.0 3.0
399 2.0 3.0
400 2.0 3.0
401 2.0 3.0
402 2.0 3.0
403 2.0 3.0
404 2.0 3.0
405 2.0 3.0
406 2.0 3.0
407 2.0 3.0
408 2.0 3.0
409 2.0 3.0
410 2.0 3.0
411 2.0 3.0
412 2.0 3.0
413 2.0 3.0
414 2.0 3.0
415 2.0 3.0
416 2.0 3.0
417 2.0 3.0
418 2.0 3.0
419 2.0 3.0
420 2.0 3.0
421 2.0 3.0
422 2.0 3.0
423 0.0 2.0
424 0.0 2.0
425 0.0 1.0
426 1.0 1.0
427 1.0 1.0
428 1.0 1.0
429 1.0 1.0
430 1.0 1.0
431 1.0 1.0
432 1.0 1.0
433 1.0 1.0
434 1.0 1.0
435 1.0 1.0
436 1.0 1.0
437 0.0 1.0
438 0.0 1.0
439 1.0 1.0
440 2.0 1.0
441 2.0 1.0
442 1.0 1.0
443 1.0 1.0
444 1.0 1.0
445 1.0 1.0
446 1.0 1.0
447 1.0 1.0
448 1.0 1.0
449 1.0 1.0
450 1.0 1.0
451 1.0 1.0
452 1.0 1.0
453 1.0 1.0
454 1.0 1.0
455 1.0 1.0
456 1.0 1.0
457 1.0 1.0
458 1.0 1.0
459 1.0 1.0
460 1.0 1.0
461 1.0 1.0
462 1.0 1.0
463 1.0 1.0
464 0.0 1.0
465 1.0 1.0
466 0.0 1.0
467 0.0 1.0
468 1.0 1.0
469 1.0 1.0
470 1.0 1.0
471 1.0 1.0
472 0.0 0.0
473 0.0 1.0
474 0.0 1.0
475 0.0 1.0
476 0.0 1.0
477 0.0 1.0
478 1.0 2.0
479 0.0 2.0
480 0.0 2.0
481 1.0 2.0
482 1.0 2.0
483 1.0 2.0
484 1.0 2.0
485 1.0 2.0
486 1.0 2.0
487 1.0 2.0
488 2.0 3.0
489 2.0 3.0
490 2.0 3.0
491 2.0 3.0
492 2.0 3.0
493 2.0 3.0
494 2.0 3.0
495 2.0 3.0
496 2.0 3.0
497 2.0 3.0
498 2.0 3.0
499 0.0 2.0
500 0.0 2.0
501 0.0 1.0
502 1.0 1.0
503 1.0 1.0
504 1.0 1.0
505 1.0 1.0
506 1.0 1.0
507 0.0 0.0
508 0.0 1.0
509 0.0 1.0
510 0.0 1.0
511 0.0 1.0
512 0.0 1.0
513 0.0 0.0
514 0.0 1.0
515 1.0 1.0
516 0.0 1.0
517 0.0 1.0
518 1.0 1.0
519 0.0 1.0
520 1.0 1.0
521 1.0 1.0
522 0.0 0.0
523 0.0 1.0
524 1.0 2.0
525 1.0 2.0
526 1.0 2.0
527 2.0 2.0
528 2.0 2.0
529 1.0 2.0
530 1.0 2.0
531 1.0 2.0
532 1.0 2.0
533 1.0 2.0
534 1.0 2.0
535 1.0 2.0
536 1.0 2.0
537 1.0 2.0
538 2.0 3.0
539 2.0 3.0
540 2.0 3.0
541 2.0 3.0
542 2.0 3.0
543 2.0 3.0
544 3.0 3.0
545 3.0 3.0
546 3.0 3.0
547 3.0 3.0
548 0.0 2.0
549 0.0 2.0
550 1.0 2.0
551 1.0 2.0
552 1.0 2.0
553 1.0 2.0
554 1.0 2.0
555 2.0 3.0
556 2.0 3.0
557 3.0 3.0
558 3.0 3.0
559 3.0 3.0
560 3.0 3.0
561 4.0 3.0
562 4.0 3.0
563 4.0 3.0
564 4.0 3.0
565 4.0 3.0
566 4.0 3.0
567 3.0 3.0
568 3.0 3.0
569 4.0 3.0
570 3.0 2.0
571 3.0 2.0
572 3.0 2.0
573 3.0 2.0
574 3.0 2.0
575 3.0 2.0
576 3.0 2.0
577 3.0 2.0
578 3.0 2.0
579 3.0 2.0
580 2.0 2.0
581 2.0 2.0
582 2.0 2.0
583 2.0 2.0
584 3.0 2.0
585 0.0 1.0
586 0.0 1.0
587 0.0 0.0
588 0.0 1.0
589 0.0 0.0
590 0.0 1.0
591 0.0 1.0
592 1.0 1.0
593 1.0 1.0
594 1.0 1.0
595 0.0 1.0
596 0.0 1.0
597 0.0 1.0
598 1.0 1.0
599 1.0 1.0
600 1.0 1.0
601 1.0 1.0
602 0.0 1.0
603 0.0 0.0
604 0.0 1.0
605 1.0 1.0
606 1.0 1.0
607 1.0 1.0
608 1.0 1.0
609 1.0 1.0
610 1.0 1.0
611 1.0 1.0
612 1.0 1.0
613 1.0 1.0
614 1.0 1.0
615 1.0 1.0
616 1.0 1.0
617 1.0 1.0
618 1.0 1.0
619 1.0 1.0
620 0.0 1.0
621 1.0 1.0
622 0.0 1.0
623 1.0 1.0
624 1.0 1.0
625 1.0 1.0
626 1.0 1.0
627 1.0 1.0
628 1.0 1.0
629 1.0 1.0
630 1.0 1.0
631 1.0 1.0
632 1.0 1.0
633 0.0 0.0
634 0.0 1.0
635 0.0 1.0
636 1.0 1.0
637 1.0 1.0
638 2.0 2.0
639 2.0 2.0
640 2.0 2.0
641 2.0 2.0
642 2.0 2.0
643 2.0 2.0
644 2.0 2.0
645 3.0 3.0
646 2.0 3.0
647 3.0 3.0
648 3.0 3.0
649 3.0 3.0
650 3.0 3.0
651 3.0 3.0
652 3.0 3.0
653 3.0 3.0
654 3.0 3.0
655 3.0 3.0
656 3.0 3.0
657 3.0 3.0
658 4.0 3.0
659 4.0 3.0
660 4.0 3.0
661 3.0 3.0
662 3.0 3.0
663 3.0 3.0
664 3.0 3.0
665 4.0 3.0
666 4.0 3.0
667 4.0 3.0
668 4.0 3.0
669 4.0 3.0
670 4.0 3.0
671 4.0 3.0
672 4.0 3.0
673 4.0 3.0
674 4.0 3.0
675 4.0 3.0
676 4.0 3.0
677 4.0 3.0
678 4.0 3.0
679 4.0 3.0
680 4.0 3.0
681 5.0 3.0
682 5.0 3.0
683 5.0 3.0
684 5.0 3.0
685 4.0 3.0
686 4.0 3.0
687 4.0 3.0
688 4.0 3.0
689 4.0 3.0
690 5.0 3.0
691 5.0 3.0
692 5.0 3.0
693 2.0 2.0
694 1.0 1.0
695 1.0 1.0
696 1.0 1.0
697 1.0 1.0
698 1.0 1.0
699 1.0 1.0
700 2.0 1.0
701 1.0 1.0
702 1.0 1.0
703 1.0 1.0
704 1.0 1.0
705 1.0 1.0
706 2.0 1.0
707 2.0 1.0
708 2.0 1.0
709 2.0 1.0
710 2.0 1.0
711 2.0 1.0
712 2.0 1.0
713 2.0 1.0
714 2.0 1.0
715 3.0 1.0
716 4.0 2.0
717 4.0 2.0
718 4.0 2.0
719 4.0 2.0
720 5.0 2.0
721 5.0 2.0
722 5.0 2.0
723 5.0 2.0
724 5.0 2.0
725 5.0 2.0
726 5.0 2.0
727 5.0 2.0
728 5.0 2.0
729 5.0 2.0
730 5.0 2.0
731 5.0 2.0
732 5.0 2.0
733 5.0 2.0
734 5.0 2.0
735 5.0 2.0
736 0.0 1.0
737 1.0 1.0
738 1.0 1.0
739 1.0 1.0
740 2.0 1.0
741 2.0 1.0
742 2.0 1.0
743 2.0 1.0
744 2.0 1.0
745 3.0 2.0
746 3.0 2.0
747 3.0 2.0
748 3.0 2.0
749 3.0 2.0
750 2.0 2.0
751 2.0 2.0
752 2.0 2.0
753 2.0 2.0
754 2.0 2.0
755 3.0 2.0
756 3.0 2.0
757 3.0 2.0
758 3.0 2.0
759 2.0 2.0
760 2.0 2.0
761 2.0 2.0
762 2.0 2.0
763 2.0 2.0
764 2.0 2.0
765 1.0 2.0
766 2.0 2.0
767 2.0 2.0
768 2.0 2.0
769 2.0 2.0
770 1.0 2.0
771 1.0 2.0
772 1.0 2.0
773 1.0 2.0
774 1.0 2.0
775 1.0 2.0
776 2.0 2.0
777 2.0 2.0
778 2.0 2.0
779 2.0 2.0
780 3.0 3.0
781 3.0 3.0
782 3.0 3.0
783 3.0 3.0
784 3.0 3.0
785 3.0 3.0
786 3.0 3.0
787 3.0 3.0
788 3.0 3.0
789 3.0 3.0
790 3.0 3.0
791 3.0 3.0
792 3.0 3.0
793 2.0 3.0
794 2.0 3.0
795 1.0 3.0
796 1.0 3.0
797 1.0 3.0
798 2.0 4.0
799 2.0 4.0
800 2.0 4.0
